45597
93777
50941
11828
32880
99703
10809
13449
73886
7570
40660
61285
18884
22763
2663
88130
60729
36051
8499
12555
49867
13623
32241
98530
94408
97378
38369
13166
72505
37328
68608
82688
46377
57194
3541
80160
22627
5794
8905
90425
16505
68909
97046
97597
31041
93496
46904
96470
96922
40808
56257
28107
67788
65042
67817
20299
88749
24787
35842
76152
1216
21198
95593
17715
45049
34880
10424
25697
2235
5121
6169
24567
85858
20538
98421
2247
44668
13181
44267
1606
32913
97701
86780
81369
73700
619
73762
66556
71442
36706
18945
52430
81944
11952
31606
32477
36593
69641
28812
79721
49116
54025
63533
15768
72252
56878
36469
7669
56089
97520
13987
58886
30787
55646
61577
53417
29271
98294
15810
43529
71867
13729
10051
57507
3203
97801
37194
79119
68022
45303
12915
3662
92746
15789
56234
97423
68139
83325
35738
97949
37595
86756
20964
53289
72212
24199
6667
19279
35465
37992
23596
67687
93226
97061
97932
6987
57094
17613
21033
30592
26187
28896
20978
19075
39977
26690
69491
68049
45844
33531
94344
45011
97832
67246
33202
24196
45799
8372
63112
11232
15326
77428
95141
35050
98438
30466
8863
83834
4134
26161
22008
86146
43797
37014
44749
14236
32509
22363
45356
91922
1531
84380
802
38953
84643
90369
16818
14442
54401
65592
49122
80558
69018
33359
70576
77606
35057
92843
20993
36101
62149
43976
16122
43114
10743
64430
21448
38349
362
38636
35129
23141
12899
96019
17869
26676
79120
14258
19239
5616
53349
52425
40990
17839
24705
15756
51537
68782
41071
43126
18519
39390
75529
49991
49811
74892
40118
7964
70054
74251
31156
85258
53887
49663
14065
6198
56973
10057
10099
8276
93750
66954
41336
66394
80064
22646
45335
2015
57100
46839
91621
70262
91010
36955
45012
60673
18216
22363
86710
3540
22668
15080
15263
32456
91521
42516
64040
47768
72486
56186
81872
82203
61281
35756
14941
55550
85963
95287
65856
25725
58085
18133
91991
6462
5257
48303
70540
19243
35259
11660
5722
67306
83966
68506
43247
15674
73059
74040
17933
49420
62940
96093
20459
96412
44366
44105
75801
55850
26661
65383
35393
94777
737
51259
62472
78244
40494
20845
1811
51256
30450
83474
80327
75730
36672
97620
79176
87733
44681
61438
42691
83496
73842
39301
63912
9322
76704
82774
19663
67347
78448
73304
22556
87560
55939
96350
85852
89914
92375
64524
72975
17692
6673
97762
85664
62335
2165
58570
84335
41996
90776
77466
82735
58654
9325
74983
40363
58681
81116
38470
94436
38059
10065
37504
27606
94845
41456
29841
28537
92021
11398
15005
59490
99820
90106
86480
45577
67879
38307
89328
33158
46484
11283
33602
4725
59619
43505
72597
24696
80126
72165
88398
3644
53959
73068
29425
39507
8940
20651
57098
26176
31305
57247
47157
68178
12379
41139
61584
20135
29180
70380
95194
83346
32640
30078
68712
94104
70155
42562
1828
97427
24973
81887
33570
66297
22171
32708
61345
99831
87466
6936
58746
26583
23978
71240
64265
16738
1374
90111
89301
53182
66676
93845
54621
85367
13285
61758
91968
45244
2858
995
19305
31265
31640
55470
24022
52994
89211
21406
18275
46151
2763
28347
94872
13506
39436
66563
90348
31989
53832
3235
54260
52561
79809
79393
50700
93306
4278
78646
43840
19718
15956
57785
41911
16356
49142
55574
71837
63961
23514
18270
55628
27685
64033
81496
81846
34852
74595
149
54578
68401
90285
53218
37056
46725
90200
11446
44986
55357
91719
83370
67930
58
55165
75784
3234
44033
28664
36604
37836
46850
14766
63784
18926
84086
72290
78356
34569
31906
5955
15170
9615
94393
18274
21952
50862
72125
59950
67318
5917
83654
86509
85439
29826
93403
95129
99124
62014
80188
81684
43972
93494
42019
51978
22560
47519
31071
51810
15122
75684
56640
83232
97870
43927
86353
6938
93441
56882
55230
23125
60646
81448
38327
40795
79607
30446
48877
75099
26689
61023
64442
28190
99664
69104
2141
5793
42889
4113
40002
96148
19447
93853
86240
33421
3132
78974
70300
33322
89481
71551
59916
10625
9130
42640
9141
37318
13784
84624
39317
1497
94418
39834
64349
7656
12806
29998
35542
36712
17192
33594
42565
25260
17861
38181
45865
4544
79922
25785
54912
69893
33949
89066
25705
4584
82885
55111
7589
53217
75078
43260
91319
8229
93804
28833
39050
31081
78409
53475
93042
23892
55617
82253
96682
4351
97922
94419
61309
5355
65458
91802
30432
43775
10784
40935
7868
35197
44413
21443
94921
16864
30787
98951
14230
71317
95443
97130
57958
44818
13693
84740
62164
89047
58648
48190
10231
26656
76081
79065
18016
68388
10080
16311
91648
84365
61271
23690
59303
23444
85524
16855
51463
4568
40373
64101
24631
28443
59723
34536
63475
53721
70023
95429
86625
6342
90288
90242
75054
90659
91095
49836
19191
39773
74626
56131
92164
30082
62437
49158
92270
35424
6831
65014
96322
95708
34943
38186
22589
52812
89047
67311
54167
7026
64169
1017
95068
38197
11887
68075
42421
55709
5047
34047
48358
28875
54714
79762
57328
54323
13934
57231
20278
80695
92305
54294
52157
71521
38790
43721
77869
1116
45180
93523
28308
88816
1545
82710
53194
44504
3959
42703
10671
12193
46261
55111
49264
99170
46734
48281
46696
83251
374
54971
47107
3979
44640
12395
9406
1242
38316
85975
18858
95679
79198
35817
31536
25959
2411
84557
25134
50467
79469
71681
68767
44580
57941
29784
75641
18934
6143
88330
36784
83734
14977
85500
13976
91953
48382
88711
50023
57435
60311
32328
15097
33545
75617
26371
99469
16971
52754
33301
11053
33129
36052
1205
2987
76313
74236
61637
74662
71419
49364
66331
42668
95953
42324
21350
81274
18686
26576
76832
88926
85977
50443
11599
62525
44206
56297
33175
86193
41873
60034
13312
57514
39488
99698
18303
92214
23925
85677
5283
25787
22948
78800
5726
56096
14135
18770
3951
35724
26276
10714
44776
9542
19687
40970
71393
11387
10753
69593
61880
87710
11213
48063
17090
78666
54107
91017
65331
963
16651
62860
94118
60475
19687
51446
23689
22448
97501
35616
25801
28338
25912
35007
90901
49763
48506
69626
53521
13207
35896
86454
68154
69498
97970
24045
50864
99249
12781
82974
83749
10072
57967
71389
4225
22827
5847
58059
74384
54336
65814
50752
58792
57938
83182
94917
38362
78232
613
89598
58260
30548
5989
98116
96561
70792
23092
19345
46558
93954
85835
79317
83722
94168
87222
45061
67337
43790
88807
40243
29925
29333
70423
46840
23330
1805
43929
80942
89835
93995
59964
94203
95870
11126
36414
89927
11697
80267
23912
84174
48992
30369
38282
53649
63125
5991
15891
15719
85362
5353
27564
38225
20733
44465
35442
79724
38184
39082
73295
58431
37149
78111
98548
50899
45187
42946
9301
63938
74095
88457
10785
90601
89321
24627
28796
58263
17786
5609
96635
70536
10319
69247
47963
60203
91565
52953
58078
38782
62097
23178
88131
89947
98466
21464
10465
51884
12054
61212
63679
39515
88253
60613
72019
71236
86542
636
16374
9963
31949
80130
34273
62186
42197
11989
32198
29539
53415
8657
11788
32116
65167
16116
86248
70952
75792
37242
75189
37546
80364
12359
27025
35412
84753
22787
85267
33541
33347
63903
5804
29297
96450
75606
62265
82931
43160
75374
36994
6366
67457
43710
8594
50961
73751
809
16212
57096
23673
80425
26438
71087
13880
8231
80989
62578
85182
29991
75317
11695
44635
26112
4594
24077
90765
33896
79352
7942
4267
5071
51459
3392
59438
1026
64228
40697
30685
73520
80441
55776
72819
73961
64680
86017
48783
53730
3127
83960
53976
51348
12939
24903
90379
13477
80348
73474
72643
12798
17105
33352
41123
55611
50909
23276
62338
18242
73365
85681
12660
16139
60620
58356
97617
3582
58894
35747
87941
95417
77397
32204
67668
4624
9195
24208
89255
58543
82429
11126
68086
23708
344
20027
96756
16183
53892
59399
25970
68419
18521
98780
44689
44862
92769
3944
71272
21196
91980
97817
85901
12786
27818
61648
67268
36670
52681
62094
88514
6596
80427
88683
34332
52548
56706
97477
36945
21063
46251
20085
5776
48391
9157
12158
88072
44366
99212
32895
13898
16919
60823
63880
19260
79537
55498
43753
48189
24322
23992
34245
4625
9288
83256
54725
23176
52955
51779
22538
36431
11662
90152
45146
47506
60372
85260
1692
94636
38111
35617
22814
64717
34275
56482
18899
29510
32921
49768
11291
82356
2976
51244
95034
82855
30974
42362
99658
51886
17061
38798
49132
26753
85104
65549
96826
22155
90252
34787
96280
30706
82516
13172
48873
61667
84852
80801
87870
53151
82287
35386
96905
43260
81020
81178
59632
83033
9579
33667
32316
56227
20422
3095
20113
31197
94418
98512
46840
3951
93621
93821
75512
54765
29969
66649
73796
45122
57070
41257
73646
40634
91095
42898
53144
14153
51130
71189
32683
4379
60979
60104
87969
83769
97378
86515
19228
14196
84312
52803
34042
84146
49553
75054
79264
79314
62875
99492
29459
52669
26294
84110
42149
44331
47187
33317
99564
66479
85534
46002
36175
67329
8984
12766
17082
54854
35837
4693
10578
34205
62213
44795
85474
9608
18342
97227
76722
35477
33014
25736
97337
54345
22574
73090
2473
13576
8426
27720
20489
70499
28141
28100
34945
32542
6017
54519
76558
80188
22620
97137
25621
41834
88542
19757
58996
57222
85239
59239
96404
90986
37349
19771
11387
64472
68923
88155
67070
58723
94
25741
55251
43447
88873
30911
43140
98919
28432
96840
79712
27857
8225
53820
66603
1584
18598
67819
32950
84030
91783
47926
30057
69028
31853
13871
59773
73823
42625
4365
53990
54992
9683
12649
37197
78945
49335
43992
42780
84079
82665
46276
85203
30616
18385
38089
75768
91555
47330
68618
80906
62246
83964
74157
17686
20471
16369
70874
43618
92979
23429
39883
22055
15333
62382
18832
27069
48532
23515
79074
3406
85739
65905
78721
28364
77190
56113
20685
39230
6614
5717
26557
48181
8241
86329
26240
86334
98841
73846
71918
18256
17895
33961
67753
80772
86708
42995
6229
62437
82564
93337
75410
11933
9199
23116
34258
89583
60205
15939
79259
71107
26974
58148
67450
27899
27219
70913
35298
6469
70428
46015
26496
89609
53839
95954
45852
82242
64465
20581
87054
50569
76069
50198
570
19949
41134
7645
37930
5087
73539
19468
72519
99594
4686
38834
56596
69632
37408
37658
74311
67535
25269
65329
50404
60370
30719
49765
30743
6052
15666
81160
18510
26415
55723
31476
75953
68514
7742
21832
26623
51266
17242
17841
30822
84247
17435
36388
98367
42311
26284
75175
67235
1920
45271
5103
98702
49551
58539
4164
22287
91566
34953
48673
872
21305
69899
41016
97737
64993
77296
77555
99971
314
35528
60788
72331
33327
54713
66493
57230
25942
17132
61932
84619
50109
2135
36862
31986
59939
23304
14837
75799
95908
43978
81300
64146
49612
43607
82823
82550
84557
32603
69471
77388
85900
62336
1787
84683
21525
54939
27330
91094
10415
55059
67917
65651
3177
12425
22242
4963
20820
75880
80570
83331
68523
56075
19556
25374
84108
20037
66147
75885
9258
2321
37394
15596
56508
81718
53448
81273
89517
60502
28631
89740
86646
1460
78478
24814
70121
24320
46686
6583
25764
43073
80729
98600
49541
33533
13526
71009
53053
68872
1777
68865
24477
80422
55824
10264
2317
97695
93473
43178
92956
54558
67007
94754
97649
62405
2291
52272
75360
28817
83926
4225
63928
31654
48660
2105
84729
62967
50925
71568
93282
81204
87958
59526
69289
88176
28956
29220
8132
67981
73672
64625
35172
50343
91262
6317
14626
45594
68800
17101
95538
49776
6031
37556
31955
87307
86385
93547
64232
21387
11470
76061
21249
45693
5748
57041
78802
71425
47451
95172
59717
30838
94019
69634
82028
94948
34105
87841
71118
293
91545
46011
26499
60304
24237
38470
2907
30180
49811
71601
28856
9422
42204
69533
96540
64151
20369
63157
94876
60526
67024
32716
10772
46733
30709
34098
27765
76553
64660
90162
75001
83963
6498
88555
24151
77991
6163
95017
8498
14534
38749
77471
140
93492
8188
59428
52408
46487
73743
63879
87052
30986
32448
64847
17781
29350
45601
91604
73829
11532
72786
75476
25703
13745
74399
25139
6323
35526
58405
45202
82141
61219
93941
40266
76072
98768
13201
28837
18776
28720
99380
14714
25509
24874
5135
24707
39275
29781
16973
97532
78814
69599
77975
9883
29403
28282
92692
43270
32282
81123
69160
29237
97056
81553
64286
86149
36145
92855
79456
31158
79554
88598
64931
68866
45995
93058
21664
33179
84731
91822
84348
25951
84903
27894
33577
39322
15675
16170
53221
74841
23121
37970
16224
6246
61406
45091
30140
83909
77449
54844
64621
37162
36888
98749
84255
884
85027
96325
54007
57130
75049
23973
47346
92081
51905
46759
90185
99527
70345
22037
27766
52607
45338
24295
84080
80377
81469
82189
82354
87005
27414
67796
21499
23476
29855
61081
8110
20419
56112
76392
18937
35397
7385
79023
80498
7556
14962
74436
54366
43956
71690
70191
82987
23916
699
68949
64605
52994
78047
17891
4550
30273
87580
45651
9486
78890
23610
80606
84339
50628
79894
53086
38185
1761
62383
50335
194
75727
33501
40769
55593
56695
90017
31308
37673
36469
79288
3953
64970
75477
87273
40601
47611
68390
19422
87341
17867
3006
87567
85921
13041
78442
22617
60605
64140
90128
81166
75721
82181
39875
83974
77940
94065
79554
57876
39393
67634
99565
88019
48783
33756
38789
67487
16548
38229
23712
63104
94261
40886
57317
62272
70868
71246
20426
86622
89815
74534
5895
53915
5185
31199
2294
56434
83023
27543
46154
21893
71905
36555
62665
3986
26338
61558
98248
70372
8214
14264
43169
47334
65888
44530
4851
11538
35693
50797
44151
11048
87872
96186
63162
78202
96379
31988
14523
94884
22054
22722
91843
47001
92736
74488
73212
74328
19711
81565
86000
36413
20325
94152
42527
48500
44289
56163
6012
83401
82079
29266
3269
57275
12941
52461
67997
59727
55691
7144
87495
28896
92271
31156
7073
69587
92946
13118
84475
73641
56858
60981
26002
56494
33444
5833
63470
57263
69485
93039
35700
89033
54846
6913
29993
71867
48114
52354
54980
1053
90694
85279
70957
61578
95036
27825
82968
3033
30827
88799
8057
73322
23494
77953
34819
21339
97831
98783
36289
30906
30872
15543
20143
4949
8606
25726
6678
32365
19491
54238
33314
41
40926
94269
42114
99751
14113
25214
14812
73933
64063
84129
67370
33854
3896
22053
24917
38984
16802
52046
684
98426
98678
1089
33377
78706
948
87213
96704
5172
71571
40420
39053
85335
54633
50342
90585
76954
41107
64478
50560
47188
1347
53638
28483
96457
29795
94726
30269
5496
72106
47130
19588
36913
86074
91793
75069
25188
28818
86865
1628
20885
66935
11640
11351
12491
92890
17534
47174
12999
2470
51318
62682
30834
64329
55315
66519
77552
93661
35176
63375
94672
55153
51367
65564
18917
87544
17514
11769
73551
91438
45488
30461
59826
6755
47104
74838
27977
79685
50409
80030
53779
51918
19882
97725
65963
81607
82605
25786
13525
86423
13518
31071
35572
58509
51673
51176
78265
51686
70673
32199
22998
94523
10029
9688
55025
77482
98910
47900
30292
30335
56203
12596
47617
33598
86653
32860
18402
45872
34935
46273
8318
14056
82076
63521
88904
71345
33364
15581
16050
93782
58314
45853
67455
52109
14797
40000
39989
2017
1078
55198
98961
89370
38345
43549
49045
57835
70740
12044
2652
68504
6964
20352
82255
91426
75703
20232
13136
87985
72893
69551
39539
44700
24183
50349
76236
74968
14066
61066
46627
98811
82157
33393
65924
19724
28581
25004
79251
13033
67666
52674
40285
64627
10
48553
72746
96762
21187
7370
14991
289
77526
49552
24896
6862
29823
56556
94562
91216
58721
75593
97022
78157
23238
92039
76817
44775
65892
22582
28416
77579
24155
17392
38025
70198
81115
58259
85301
68803
97571
55737
53194
5013
89892
95670
49309
10046
54724
49774
18308
55402
9694
21681
47242
17483
21446
33108
94651
78177
80362
33741
63775
15078
1013
56395
27332
85779
53613
54159
81939
51987
70972
79243
26597
11362
2987
22229
75855
78049
8330
55847
3064
55193
62733
98807
25003
68168
31537
74734
87719
73837
74780
91752
50644
69581
49569
96647
27441
88832
38851
15283
18025
96891
78417
73906
17444
98106
76528
77664
26009
60586
75574
98059
49312
55600
42674
27630
99237
77850
94730
37352
81914
10848
76604
89560
57156
62389
63654
85240
71797
72688
67520
92979
34746
43314
88071
31939
51722
85363
61877
15339
57727
23214
90604
89774
20033
59045
43634
28843
63645
78834
49429
62998
46325
18700
89551
9427
57490
37906
77829
32497
54164
19447
87818
18977
49066
9546
75777
47314
31004
55936
95615
86315
25509
6273
29583
83268
85375
2956
71407
54081
19447
37287
58103
66187
25023
19207
80954
5165
88002
43768
88325
89096
54482
15913
44836
30772
32029
80632
59748
69107
81374
11445
68979
26707
68048
41846
13443
23489
67037
4023
48142
86820
68341
90539
85236
68893
3994
6819
17791
88249
81720
43674
40359
6576
22770
72635
60434
43549
19127
84591
86163
46330
73844
6951
98643
99704
75971
35970
46061
23416
9729
76475
51923
56969
24797
92339
93327
96030
55083
65782
24036
19371
72089
66380
87218
84700
71705
49503
4472
53906
41725
69508
54675
53243
78209
73192
22437
15821
1634
45336
29681
11646
99501
13357
87811
82051
36658
11634
17005
77060
16982
56499
68427
85624
95208
34564
79240
65730
9003
35403
64633
57415
74194
84939
13064
89802
6635
99086
63691
75110
69138
86542
66706
16040
80230
72640
24608
67367
76024
26717
95441
87969
20511
73326
24506
83123
92137
15380
46573
17428
35084
19954
38427
47022
69403
29591
91796
80827
5140
20075
73355
85720
40854
3350
36853
23368
47791
93640
63088
67336
71156
1832
79103
33962
10
55228
26483
34320
93344
49009
59014
28391
74880
50120
43905
59902
57083
88861
89502
81121
69409
32149
2375
40886
86066
52036
44317
22195
7790
22041
39125
7706
75944
95622
94813
72531
63482
15023
48316
30884
70514
49838
94071
43055
9514
95265
68911
37832
67030
85809
16584
13906
92150
95359
88325
52149
36938
77453
25839
21757
31109
61447
72757
65170
80411
84748
54316
26288
3572
41629
29559
7491
84962
20224
85891
92672
76719
66257
37161
19682
98832
7526
71511
49792
16534
79358
72296
26536
13891
25413
26894
23258
20185
15302
68498
78915
56878
99214
68339
54421
63516
37241
87946
92127
90837
51355
15118
31374
52883
8429
63795
14720
45357
61297
28078
98944
6726
33028
95443
50915
58432
92960
20543
14334
24046
44651
96178
32162
67303
13119
55092
12021
27573
41975
49816
72846
49389
71282
61373
51853
56666
63047
11409
4245
17490
55206
51569
80262
89898
61543
44044
98299
13381
16849
81830
99581
15016
77896
73975
34818
53449
90516
21555
20870
2917
9803
63493
71844
28848
12762
96660
57073
79527
90069
86504
80661
55330
43128
78725
87398
13446
60217
37718
32515
30679
32621
84709
39787
28650
87347
95495
76120
55512
6817
71925
7963
54926
43017
81460
52340
86433
79207
59638
77005
25248
57514
32634
76501
20514
75932
42958
11668
12062
8624
53589
45520
59289
55527
89123
25339
83577
3295
44580
76502
80888
58009
39773
6439
54069
23269
11019
85618
83141
79500
36232
43287
41767
90234
18700
63592
11476
68006
77839
14628
35285
85023
42668
11317
93391
15701
34242
92931
99161
74752
37812
62291
17742
27185
45488
60735
74302
70324
46317
48979
98911
60926
39341
7009
11073
87193
22050
80546
92542
88233
85965
57546
35856
10234
62049
74406
84317
80584
38214
90901
5646
87851
3802
35840
49661
59005
79314
74008
3052
46441
7230
32906
29619
78257
25706
79841
593
16380
53888
42968
96900
46170
49611
62298
4083
58998
19447
34712
80072
66199
87732
22470
55899
61714
90170
55923
78634
71344
42374
27076
88261
21176
72194
48332
49861
44600
46466
73001
68860
9045
85162
32925
6920
4557
25006
63752
77474
2661
66258
70815
94003
52020
64912
39499
62341
3883
7319
11680
52887
93119
78704
55992
44171
83701
17884
90284
61338
83816
53114
6734
34567
47930
92741
20198
44848
21621
11097
60871
30976
4893
2966
6829
35650
1044
86013
44950
68177
57673
67191
53978
84810
55646
50805
53960
45123
48244
23922
54462
70549
31989
67957
81156
36372
56702
93491
15622
6239
66887
87473
55533
91539
10352
82119
84888
36154
83466
22752
13180
41920
43680
75165
60597
22790
61120
71609
28104
29040
72457
46055
75607
68442
40466
77272
90559
50439
16085
62169
87026
20121
86903
55706
12076
49629
71924
90953
83156
86781
56491
2748
35281
10009
46052
49645
34918
31376
86394
30911
98827
21624
52553
7199
33258
92205
27956
74503
11667
84262
48499
55452
74556
53795
40696
53622
84441
13314
7388
98880
2964
22961
62219
94453
49545
10814
85353
13035
9504
58059
80223
25388
55911
70237
16902
6014
50380
36179
52431
38725
35348
15635
76556
87070
52251
40576
87039
5708
14984
42952
72637
66384
3372
17658
34494
20273
15223
84853
11043
24859
32247
8379
99588
3203
69775
80260
59926
92392
39248
46799
77366
34230
57814
84019
86549
23557
5345
23252
59679
44542
84525
24657
84457
37021
55793
25914
21943
21457
51281
24768
93127
4513
88224
56708
1117
44905
79606
64913
76332
80610
42090
32069
47102
8895
80684
14474
14848
32979
21122
51300
41549
37552
81244
11811
43510
39883
76854
33079
3626
82012
53034
55843
66120
96161
26127
18187
40766
73377
85714
10119
2940
91022
17103
22362
36411
97316
3244
12220
72003
37934
9970
42866
77885
31975
61065
54400
86742
26110
99567
74325
71821
24499
75669
29124
92314
39615
82039
68915
30490
69264
67797
22028
8027
84145
4754
96689
41888
75560
39912
69644
91633
3288
94694
36996
39267
92551
35688
78156
76479
81274
22737
57846
5522
79325
10120
96005
71697
16063
42380
63776
81158
46265
42036
40514
57435
37743
4872
40174
386
16911
33686
62175
13246
44535
8018
25086
56274
2707
72237
69773
69892
39108
65968
90176
62030
42268
27701
26251
95073
99781
89730
86166
24469
68385
60451
96974
95506
81708
66724
5365
47380
68414
72776
72953
93631
7373
76584
5282
53119
11312
38795
60965
70425
54750
82782
41654
28436
41972
64273
93018
38174
86581
85934
91578
2877
41515
30838
43763
66290
45132
59066
971
18731
42873
39699
90014
50278
13184
33278
52598
22077
42913
76024
2265
14323
28397
17713
61180
36473
40970
26000
99414
49917
26355
19844
37807
52975
63324
31809
58743
35121
75636
65759
84435
43323
35427
47211
99570
84329
81395
12264
40893
60417
18955
31014
53901
53572
74005
68669
83959
90097
1377
38
41250
1776
83299
79766
21593
26082
65720
62872
21468
50466
91014
99718
69361
46392
865
4804
17208
35546
95721
88697
84348
99071
60721
35466
46277
90306
18267
91381
19338
40079
96702
70471
91203
60237
81993
21370
54717
84040
48322
24207
99079
38842
48423
71364
31114
7253
91990
22994
64245
47631
16488
70341
96214
13931
34072
62457
10372
76800
46529
98445
15289
53096
57509
55527
71997
38599
99402
25700
30174
1398
20862
96890
16412
40011
15068
60940
63744
66087
9671
64521
85773
85691
4115
50209
48815
6872
12387
9285
94095
95858
31820
60186
21224
13360
63193
66394
50996
6450
77320
5479
40384
22687
69297
36460
76063
93483
58311
28978
36985
97697
91927
2524
93732
13106
70446
9216
87307
38586
79415
28099
46666
45164
37857
71183
27452
98618
82078
5555
87340
62147
76968
83287
56551
11608
83679
36123
40659
12460
49870
61451
98905
34328
4011
70913
35325
69609
59484
63511
91854
49383
66679
64359
41785
14594
92578
67681
17432
8827
61402
17544
87912
91884
39567
85321
9112
88021
22315
15865
97789
92740
58611
24139
67939
91936
49286
90890
39293
41458
70435
31001
44509
11665
65384
8485
66944
69385
21205
10659
31264
50950
10894
48395
30317
30147
58239
56080
27446
40489
90522
66747
60097
63782
57436
29668
99514
92685
77325
75213
16456
18371
79334
73370
28155
90509
89229
24528
67874
77203
44156
1545
92921
92785
23680
73874
94687
72154
66589
72289
66213
10281
88367
4758
24131
1766
67819
17548
78533
60082
34820
88476
92834
58895
1097
40943
97453
83086
93483
26622
26436
88246
3677
98184
30470
74798
88884
16271
78850
18503
93326
95983
21770
81737
40303
28892
68134
21305
2086
14167
68197
22915
77230
52428
93263
73354
17456
43979
30902
777
81446
75842
79178
12069
24506
16275
27339
87217
57901
1047
7865
91933
852
57647
55336
15165
24605
7042
8592
63729
94287
18360
50112
95606
6895
58257
24882
33480
79903
43171
53018
81074
30689
65103
14616
29204
99481
41759
50221
59855
36976
18398
57737
84401
597
80403
53411
65976
37534
13276
10179
9316
61516
3427
24505
67357
90124
74847
31248
1501
92986
99274
8701
56636
57632
38938
31313
15863
94717
99743
58958
80700
82496
37240
73495
25333
59859
83314
78591
97294
73653
94814
74595
8101
35584
77421
30644
31245
15209
94826
24301
84030
72613
58293
54883
23324
87432
99416
41978
5314
12425
83431
89300
76300
22594
60601
5220
33022
47028
9373
43169
78805
55335
24987
13622
16391
27022
43529
47510
91289
80361
11174
58029
3517
4836
64982
69777
96198
58429
99771
50935
60458
89667
88652
88706
59282
16058
51669
16439
1665
2906
32618
36652
46367
80311
82121
33759
15393
26748
67787
80066
25814
40817
15271
94451
81936
59515
10020
34122
99085
1090
87704
48684
50370
38382
26625
23133
82947
35658
81119
63282
71537
85003
89933
61604
29632
18410
69114
6977
72004
70861
14184
7548
12440
49380
92801
27653
5546
37166
19952
40723
60358
35164
91107
28893
72638
37709
24091
85928
95699
5145
45101
13306
87650
85098
91961
23406
93262
26340
38820
36705
49029
12293
70740
2889
23826
41670
4615
2021
36479
58114
68240
63406
22149
55790
64144
18701
43186
2182
68973
63239
8213
15369
91921
84147
35880
90842
75074
59149
9658
58824
76473
24386
4729
53703
8385
65099
54233
98461
52879
21239
72707
64697
61784
37921
74013
56061
46835
2529
1074
51260
94347
32350
71134
37470
82913
70881
56887
82273
83389
24229
79899
3450
8046
98570
94611
5465
81766
19016
33185
67178
30283
82305
69291
33080
28411
82128
69219
89484
68639
26493
48082
20147
22410
85714
51041
2621
43759
27816
84676
59778
57245
16186
20771
73503
61880
97403
93382
70302
97428
62596
51709
13332
52656
20421
77193
65411
99981
13661
61707
16064
10826
74309
85030
57487
64990
69670
53427
27882
53776
89931
95650
37793
19030
3409
30823
59099
60009
26234
70089
2074
3809
52641
10274
78269
13010
27977
8787
58878
78211
74190
92968
57468
83910
11228
31939
46100
18649
32510
20040
8616
40121
95919
84196
37249
81821
31341
91707
70897
8054
86859
17997
45937
52385
65125
28356
36041
62373
66158
20924
69582
14352
83846
36079
17573
80233
50408
14108
12486
12561
19935
13491
24316
44540
52760
46880
61992
73605
93298
46642
25765
2227
67410
3079
46983
95078
46771
44886
71069
50429
19835
57400
38837
2408
34953
2227
30334
72421
99883
97445
90185
54746
81740
90698
58153
76813
69193
62345
53817
15139
15268
65121
88540
83955
16466
34540
74848
69191
8528
60205
40444
60238
57651
94523
79705
4448
99580
89930
71148
56176
35754
6066
6497
96487
91305
78046
68307
57090
12488
92404
2552
47978
72616
1084
92218
58796
14289
84750
71520
4117
43007
70780
38795
46156
24697
60537
25948
24044
92738
47686
97427
87996
70440
40087
57650
9580
90778
88230
51008
48686
34103
33555
98281
99791
2529
20982
46946
1329
60977
2307
42155
13702
83812
29081
80494
73387
85682
58151
10403
91678
67647
26491
1718
81694
14443
73801
38144
1886
54724
36916
59121
25061
36891
36860
54960
67141
32020
25316
9209
20565
27158
5310
54629
10382
54243
10678
69960
40606
674
30104
83763
18412
48408
80382
75801
5514
51413
74170
60431
11120
57450
2973
61517
63738
43896
61889
29009
99072
52611
56409
8994
27694
39846
49523
18578
88607
59776
93927
38365
69627
22413
75007
84782
75978
78383
58723
74753
81428
19307
95936
26883
2358
60688
53940
56085
88867
41393
49976
56464
34645
59636
32362
674
33518
12579
64183
51158
99248
86272
59457
84786
81908
20534
24466
81722
79723
5994
60990
4562
39759
59568
31630
12224
45669
88602
47758
43664
42610
5292
78708
54289
8567
5514
18187
91997
48234
96274
42556
42421
87602
58310
53176
49163
54687
31138
52229
32505
63395
69869
48706
60655
57745
86858
23736
78122
11921
55853
67039
68192
37884
40139
57738
71064
23354
83050
74064
27605
58070
72471
83800
42004
60763
85015
54624
26187
16782
33269
30154
81521
91367
5050
58244
10109
51533
92219
95282
65542
34252
35820
47834
5193
72630
30418
34764
69129
9715
73655
55244
85265
38854
99990
26045
23413
18591
2486
23308
58167
89430
14259
65270
77029
29994
46679
65111
19103
6838
52328
44464
4790
55021
8924
22708
63664
92722
88103
26479
8936
69814
94773
7316
75667
48334
73171
76065
24349
59312
34535
84977
70706
34091
98464
81758
74264
36289
23911
85584
27833
73730
88533
6759
66847
37
73119
23713
3576
32773
14381
77928
77433
74166
39272
94875
38591
69890
49873
1239
80977
68869
84622
10338
85472
28929
97567
71445
75504
9503
51311
97123
37969
5731
97382
81065
85222
43946
1787
68852
85030
40163
23047
63178
53249
41415
19701
94742
77242
85942
54581
97972
1747
70415
11503
86548
94023
83084
22389
69102
90416
58136
23058
41411
76488
59278
14590
41580
33549
68303
58131
73858
12894
40479
79962
30761
68738
89981
53566
53401
3400
19102
36803
7946
6248
35556
70671
97499
92360
48800
69094
79903
31484
64449
59348
53734
26789
37495
85090
11811
8313
41609
29932
14751
84163
89967
33098
39481
5057
5293
650
43576
22636
35725
39166
43535
16181
43160
90449
9451
91018
73232
32309
33564
47959
46157
4665
85661
1578
98098
15574
7970
50959
10283
49736
13822
10682
83846
29722
91822
51394
93355
10522
52326
79402
2745
53516
26453
78652
98014
61050
5719
87759
58802
7112
5111
60295
15633
76357
70431
97499
1843
49470
95454
73233
78890
53645
12884
95526
35287
56879
3005
50058
53674
38452
82743
74887
54068
66575
22994
12675
97066
9228
37396
15803
34296
5345
15174
18639
5472
48733
54590
9789
8750
75358
14697
7461
1305
94719
51701
19339
10264
16174
6008
69243
85694
4219
72705
81223
44851
48332
19545
49612
24689
20493
75957
20083
52760
75269
44059
41683
38734
89348
99375
97843
33111
6873
50937
92749
26540
89312
80852
62094
347
25624
90357
63547
81883
2963
76278
6445
875
95398
65758
80477
24454
97856
30959
76314
27172
68248
25356
66999
16496
47167
15653
72450
46273
12404
77120
51535
55512
21814
85446
69395
67733
52052
40391
43916
88918
26241
62187
26878
84718
29667
41654
952
20061
29770
53270
23637
82225
59710
6156
77951
17369
23729
39669
19470
36322
85459
55188
85709
54352
548
39486
85021
26331
23365
63906
18995
37283
33223
74931
53917
26225
26789
39539
43139
45483
83918
21629
34408
25652
17146
84911
43983
47038
81726
71283
98010
33772
95642
10504
99565
60425
35599
87442
31793
33439
71374
80026
82389
89909
66700
63907
13519
37064
25105
55403
88672
56964
57360
10969
70518
15519
73329
64970
72075
99762
52938
54898
54922
77813
96652
15601
54898
61238
16857
25651
73138
60886
1684
68516
16596
57344
4753
22351
31159
38630
84523
27825
88693
3290
50644
80542
40387
36390
10087
3983
503
53545
83577
71943
13795
13967
33134
45185
52927
67947
1416
9048
55685
31476
97883
11026
61110
19385
18876
65354
45850
57697
11383
68120
75877
30755
69343
92864
91541
383
128
46292
93079
26328
95344
10630
47561
32303
88196
76941
19450
76221
15648
57715
18094
34892
16326
8250
50014
42163
55184
81225
93148
33516
62200
58135
21683
77203
13076
3410
7629
40733
43071
14699
4623
51378
67538
79970
78431
71657
78834
43466
96678
72639
82979
39705
60784
54196
33467
25487
26319
54530
54769
3680
53695
12794
66227
37375
51077
84413
42903
95592
2673
15796
41289
5354
30563
44524
67588
66480
57674
64401
57436
66475
3718
79398
15415
20990
52975
61087
83772
61285
94991
34363
11619
46690
54410
70593
43244
4965
33278
17813
36204
4728
74469
70967
2658
40132
80599
57881
53576
38916
5421
94395
46725
40260
91168
9957
83583
71541
31440
68928
82894
30032
1761
6993
22507
54500
64127
2739
72871
32958
68354
69936
68984
87284
35084
11036
1358
73070
15
43662
6948
90033
68685
99259
80786
95529
60567
95697
83232
9619
34678
36301
25076
65732
34280
84377
5260
32537
63906
93221
59112
8925
60533
3905
3902
11824
2411
28565
83825
19706
67888
53534
22748
64748
68333
18533
10343
85454
30799
92700
60124
33003
67174
64792
16756
57974
81770
38
29131
95383
58968
5932
13714
69781
9370
66205
5731
46178
68805
13783
27086
91422
90108
29821
46386
56137
47922
15084
83304
28200
83820
74013
2457
37490
11652
80022
15216
25432
18890
53933
58826
42800
81637
14906
170
54205
83863
2999
93353
31708
96191
67670
98858
19980
36600
34144
15116
71483
97023
31718
89560
75434
8274
18373
22491
93404
87763
70427
72621
70624
46220
65664
47119
54712
37804
60804
65716
42502
81711
98563
39318
4754
55548
45607
33545
17882
9832
35194
31565
51703
41817
19141
28221
39207
24325
20906
56644
3709
29848
13051
1455
72193
4019
74102
92061
14245
9810
62238
64788
31429
58950
17270
20397
88825
60161
22460
73519
99995
86449
81119
43865
55152
10179
79007
42873
39157
713
80160
71162
40264
40054
6154
76154
76687
62725
78048
39001
98760
2842
18747
86829
49295
88128
47555
64755
48421
43250
71881
17504
2627
59381
228
37717
35067
13090
16678
10097
11847
60578
90746
69888
45329
27825
37884
27217
27870
17541
39669
34630
31672
80456
37809
28388
4118
90625
4159
21194
33738
27474
32452
77631
49415
36730
86300
35044
77612
2426
72591
63304
91378
41140
32460
56666
58382
61231
94469
16793
42691
43415
78022
22056
22375
45506
659
18621
21136
99405
61277
86648
66875
24357
6272
78193
51129
88290
26684
92010
98967
77774
46990
53476
17544
91203
10283
34445
28305
49937
40952
43222
26672
70463
76297
40739
12234
42889
37684
52604
31600
73896
64113
73985
88109
74640
9809
97658
95695
85331
33239
99852
74095
18690
88791
61575
46079
44531
43690
91708
98063
11102
21323
43404
54203
38017
97393
83804
45173
89476
8042
81829
1866
23
4048
90887
76372
2199
6250
3325
10492
71663
99714
85068
37129
33275
57694
31510
6569
10920
41437
41963
9339
65015
65776
5887
35415
34529
93075
74678
44315
76789
56135
61563
60946
24124
19373
71632
11555
25245
75649
60064
47572
73244
78320
65264
31672
32189
3255
3829
11516
41254
87289
85151
63306
44483
2909
32722
49848
16099
7010
21237
60401
2752
88672
20803
2941
2844
12477
5471
31151
13798
66568
31685
22923
44732
15445
67868
32722
53579
49909
55495
29419
46737
16882
52922
34064
55972
40676
79338
15762
27211
89619
52797
13674
56074
44937
58273
22526
59867
92595
34265
6699
6327
67284
92881
29589
18101
57510
90034
85800
44265
97070
36625
76298
75758
52698
12322
38208
50718
90650
59531
26234
1981
52089
34611
54715
98870
38582
89945
41672
2013
51363
46720
3885
54420
23897
64616
70246
88201
14070
70488
66769
42781
45301
68023
2062
75743
28296
35099
40719
47606
75507
26585
71842
82077
19624
36282
35096
18281
25339
60974
49297
60423
94754
58234
58662
10272
49067
60077
83763
85918
27546
51601
91551
4200
33789
15549
15433
14537
59949
58119
33329
84239
12515
55991
79200
15152
56565
72022
49813
58087
58604
23621
70508
62171
27939
87339
87981
25856
8478
70438
20143
2743
63717
57186
64775
6704
73083
25287
52785
68529
34591
76716
32857
19790
98494
2410
36071
90072
88851
47660
20357
37555
72829
77698
63246
88606
61947
35989
180
43959
79686
30357
94990
19287
78027
54862
78332
34521
89123
55672
67289
72185
30705
12781
2972
64151
68888
58230
99627
47002
247
14079
98620
1233
67362
97129
42633
15061
56893
46334
38096
2794
90583
37759
10596
87108
68065
37913
46963
11783
60650
15702
61973
99750
8344
15791
59438
93453
11141
53663
74944
46298
74964
39987
82512
19494
5518
33502
69202
39170
1469
14153
25620
14236
97541
86055
69125
81761
83610
42663
95648
41692
69794
52931
63225
8349
61031
54933
35266
93781
99353
23848
91098
92125
48638
29484
32275
21910
46807
73028
46590
72331
65488
13370
61430
55634
24931
36179
72549
38098
26635
65212
16727
16735
78752
14851
1721
31488
22323
93219
62061
20178
66887
86679
83981
33125
20170
87887
31226
32324
8847
86848
66752
38002
37738
55222
14279
86192
27975
17413
14681
27867
56039
15581
27883
15954
19639
58172
31914
97493
66959
89181
93027
3976
36740
2094
7534
34167
39211
34239
16376
34868
64331
2038
81004
80317
67709
64160
34654
42328
18851
31554
39828
52256
33282
20269
1744
56921
75837
47824
48254
51166
84911
93128
11351
75421
35141
58450
18992
57848
7350
63968
35234
76268
33087
98666
2230
48718
31007
2876
86221
59505
12364
73294
13673
23908
21809
15057
29052
18425
29349
56708
68907
33089
31784
56518
78366
98130
83036
76839
10791
18954
18462
70807
7084
48141
94720
94848
65619
25611
76612
28527
71625
54781
54999
35692
60782
67661
29255
17036
51553
66901
46818
85980
32548
78496
1165
19550
16139
6285
19870
71408
30951
44915
61815
38983
41257
72894
59872
6907
22453
30038
34303
69148
16453
35840
6230
97282
28790
57918
50617
68642
97652
55474
33450
2428
15485
39201
93459
28209
49972
68114
54303
96818
17412
31221
19062
92788
80014
4192
31252
32128
23250
13429
87588
11143
29302
54399
17694
96146
2870
25691
57978
81047
20488
6612
41935
49223
76330
77927
2893
94949
32491
17509
65459
86289
22738
64470
52910
83714
29231
10906
23279
88371
68540
49610
53960
25204
34480
20670
50147
1985
48768
53224
38366
82255
36882
89406
80102
37283
55583
83797
35599
7069
11300
15720
47470
91249
16294
93208
24276
69558
13695
61166
18663
27223
49001
65947
16190
52360
51878
76672
4632
40563
55178
52746
78170
46319
72486
58453
44644
11890
84529
25649
31406
62365
80116
93762
2660
11574
27731
66401
35707
43667
5747
75424
20079
5906
20525
1451
95547
63045
78413
14250
58739
16139
70087
52931
46625
59962
36727
56540
68027
99928
50931
30270
63869
16010
20623
94069
12617
43779
20780
50515
85047
45469
25695
24917
87834
61638
34042
91550
88625
25362
2169
55711
64231
55470
5643
31128
76808
6805
56794
46231
5952
97787
6745
78335
44017
25766
29705
92869
43440
39933
55527
34356
96317
82777
84758
19248
38046
81240
16645
94295
17175
95408
69053
6212
51655
47904
67818
75309
60162
54402
8707
36076
41767
23517
14391
27162
55165
88312
37397
19927
92399
64392
30040
26983
26241
53610
14253
21142
95981
5900
76643
59580
21407
53285
12974
23484
14569
39749
89176
55302
5827
89703
70949
55836
13187
76964
20577
16562
22262
43073
75624
28174
36056
28552
63313
94319
821
65332
39192
84907
24380
65765
90727
76272
51837
41044
40416
41068
82495
24737
86441
40103
82688
77448
44373
40814
5034
98737
1387
68811
28654
81639
39541
40591
87104
39776
22983
54258
72847
49531
36234
71122
39647
29577
98724
93175
4613
15489
43942
8887
38910
25239
53874
60949
38797
48743
11014
14243
98863
67979
51273
55369
69276
75629
81425
1694
36316
46582
27055
77747
15107
43396
88888
66799
39499
20602
47760
99669
35244
17393
71989
70978
78907
65804
83334
49394
89052
61642
24590
97026
88613
15317
59664
57712
67601
61079
13520
53438
19550
30700
92284
33910
47108
99538
74230
36487
242
63965
45887
34894
5126
73799
58401
93264
13768
4740
67320
57635
31203
44724
9087
50125
85858
94738
15123
11268
27139
23049
78022
30196
18939
77159
3746
37375
13862
62313
79575
7774
83624
98389
77699
36486
51749
84039
10141
79430
29690
94499
30590
70189
44566
43497
68909
42408
7416
50535
97126
25225
48582
87688
44262
49219
7367
11370
32949
8817
52894
56237
5392
71383
66147
21224
31314
50561
42656
86005
87454
53191
44357
29037
10156
14162
18952
98862
59949
65624
87164
95992
46333
21923
81485
63575
34661
1936
41590
75867
28073
19474
23999
89955
27092
52151
76054
63288
5566
17731
87656
42614
25848
77720
83068
89157
65748
42647
48077
99462
21267
80480
19266
67016
36940
84822
39724
92411
98006
6142
86075
28764
83571
50757
98301
39598
94009
9057
87381
15242
26685
18480
83859
73933
99582
41469
87317
74832
71371
51297
20474
29621
16755
22437
25599
23997
80360
5926
4312
47094
80686
93617
30764
79986
32837
70542
91821
31347
38192
4250
5331
98242
96130
92684
86261
91262
10629
33977
10211
68210
68134
53554
76770
72928
6592
54955
5541
44953
45443
78263
20804
90094
88641
91343
57788
14624
22133
39025
72803
36084
53104
4901
88581
88003
96961
56859
60192
46062
55616
35248
58809
67246
18296
1648
44346
15177
41263
2581
75368
30433
42739
22413
51364
28262
52930
38138
71294
90540
87446
35026
35569
97847
98475
19463
1280
32211
31374
24481
42987
29888
94341
78759
25197
82730
18709
51773
89301
84726
7379
27719
40958
87129
45419
54316
39661
62531
33190
13142
72456
86616
32732
75381
9774
5183
26006
48515
65494
55924
35006
24034
54791
89176
20165
11682
31761
56872
66417
25983
14983
90315
8642
72775
25498
37700
37759
72664
44883
34056
59297
30536
66764
76201
9211
38430
54411
65489
31236
71902
10652
7499
71460
23907
34954
7386
30103
45092
94138
94349
83648
49080
43237
16426
14957
95030
81455
76615
18531
71222
90472
79705
10918
64339
49215
69443
77799
84370
21822
4016
24363
64923
56134
45339
69011
85830
60264
51051
93005
3282
4028
49501
58487
462
73026
14233
83179
85146
43091
17607
30059
19784
80099
87770
66090
72156
54485
78922
10965
57683
71866
67744
80060
38239
76392
81514
90369
39632
23348
19662
88508
28463
27787
75035
50600
24612
7314
15483
11406
41911
41208
72677
11372
86419
62933
75600
9697
99943
52290
54177
55703
71974
39732
68389
53422
68462
13686
80666
40833
73957
74690
22983
9496
31744
21115
75949
8873
89245
75562
11157
97611
67088
13172
88136
42424
62939
33460
52990
5310
34775
91386
41422
21475
46063
2975
62980
9491
88939
22404
1328
13288
97354
43046
96795
51668
70568
65184
10485
86797
2111
71646
2122
13589
81930
73273
28531
61477
15301
11411
25736
28822
71344
3217
93907
96556
51410
55024
11935
88096
38522
83013
76176
53352
13441
84886
29709
32037
5132
33326
29016
6248
8141
54689
96318
87009
96488
62012
50313
10022
755
92711
64818
1917
95639
41627
40180
89350
63636
74138
85405
60264
99456
7343
81853
59478
66448
95875
93825
47358
28431
93625
25369
66190
63499
16263
14421
80547
86127
88433
59887
12495
13707
78659
50337
65318
13168
13035
21239
63526
41719
68017
99935
74656
98913
917
573
90631
53657
69635
71995
75956
9878
78548
42430
85300
55389
43204
56499
77230
17059
85964
75848
5557
96431
25180
15672
6598
78014
73495
52862
63518
76704
97514
87051
26396
63168
266
71282
88782
73633
82057
36096
3131
14436
72245
93961
36684
82406
97741
93501
81112
82854
10369
6426
82026
78501
90437
82747
91281
84677
38225
36718
72228
69972
55864
90276
66863
51778
98115
45185
92639
55821
75722
7443
40902
17086
48526
69631
36652
15244
7702
87030
42386
71743
51204
85831
68036
48367
98738
11983
15802
9803
5198
16779
71659
79125
65392
14190
35887
46282
45428
3790
35374
95103
51641
68216
4042
25512
10165
58148
72743
81458
59570
68547
28659
93936
52680
91220
84021
70003
4696
79831
16598
49393
5667
17209
84806
44392
9605
47214
301
66077
23089
93884
64400
49501
79338
18547
13147
98116
27932
69947
36753
99772
83381
95911
53357
92573
97091
98437
18803
31699
24618
1815
79033
73214
7106
56379
24267
49938
33707
40198
51392
42590
43279
41392
96087
28362
61426
6633
88589
6745
99192
28938
98910
89390
26003
166
54068
43627
15879
89438
56689
56277
64381
34099
40822
91027
90272
46135
20206
31093
96855
91453
21274
51442
34943
51343
76185
25449
52997
733
71507
90953
20701
80147
83266
92364
14369
48036
58846
26846
77738
80258
99428
10747
20196
55152
26114
21559
93137
30703
4097
67447
92829
85684
27343
35612
91672
1178
56936
91584
17269
99604
66497
73337
50143
13595
69777
56506
88851
7237
51485
18361
73534
98775
92126
10091
21139
56753
74064
18571
9
12743
6426
19962
73391
90321
35669
39425
54605
38424
49082
70418
52409
39536
47821
88428
79986
91493
15840
47708
14012
29390
43013
1504
74488
19487
94964
87784
28223
84282
16309
3446
95644
2693
26507
57732
89123
23991
1502
29764
8690
4395
5027
22818
89186
19703
3657
16038
67369
24375
84386
71862
41264
52098
58508
68473
92844
13503
22395
60438
62651
33520
63397
5818
46301
18763
83562
8632
51181
47786
79678
99178
97626
27673
95125
83574
25222
24108
58345
15596
76314
14067
76971
28076
30660
16742
81060
40197
77422
20954
97318
24600
3196
33206
25652
39643
98626
14015
21674
83257
90400
10446
77547
36087
48379
12804
96901
51985
13720
47380
83619
30338
75960
31134
57071
2307
40939
9212
92833
9770
29906
22261
90985
65908
12757
82224
90165
40158
52637
35843
46943
42893
22864
36456
61431
76878
34503
64176
28328
2199
56077
31634
38761
25195
18422
77404
25538
94173
82489
14474
38681
53132
74252
68309
72216
49453
54171
5250
19645
19911
5380
61595
2174
18743
82002
80635
91158
45235
49043
86883
95921
76491
48984
58122
83407
63724
21737
62833
73689
51487
85731
8532
25214
48846
43056
5692
48007
73447
49664
32209
3615
85689
83145
68493
41049
95322
18777
80364
71645
53227
65299
91935
64883
29107
17166
49952
33739
82248
81478
3936
70310
34189
81468
17052
20420
46901
22705
11822
27915
69510
60379
43360
82416
88984
11649
12379
54310
28764
72185
19581
67136
89626
72571
62121
66084
24114
86146
29593
9551
37636
23935
78
22527
57068
49497
62344
74272
95653
60773
76049
12535
33550
80605
74675
92740
6537
93025
6186
62712
27392
5959
10548
67091
22819
36255
34789
90488
80044
71464
20152
41071
19588
18793
51455
43543
10942
93645
89563
58118
54272
48542
39687
7646
54211
68444
1423
14895
19824
635
90878
47523
1802
82870
69140
45545
56362
63731
99991
83937
70437
95349
19681
33953
85610
66072
53047
90466
42504
36013
50457
21290
77805
4146
83957
9622
19081
36460
51222
29028
57328
17187
58939
45915
93566
88891
24258
57655
46292
60011
13666
51413
87521
81468
1016
59415
62397
29984
28377
76308
83695
37644
68231
70271
53134
76115
56703
2034
54948
17120
64494
71192
72238
56079
33860
16596
6144
60361
22657
62417
74853
94843
57004
23270
94500
46322
33698
2565
33407
41397
93963
68417
21493
54750
72520
95898
94983
14838
48905
7175
45816
69996
95067
47422
79149
9682
2174
72226
14419
97493
15061
64330
85984
70262
67447
16490
40978
54250
18850
56000
27444
67338
43439
95678
31711
54072
84672
57711
5405
49967
46454
97831
97545
45509
45599
49547
9842
48160
3373
63834
61981
26162
6882
17719
89802
85138
8327
76148
36175
63416
42364
14972
62625
83701
62378
91197
24274
65677
73140
32689
44244
17490
75115
45736
51323
92318
26816
12659
15488
92396
21429
82959
18785
82516
55629
13515
16262
51105
97570
8120
97855
8369
8341
74445
54858
11208
30079
76468
48720
27601
91878
37493
32271
9107
59116
83100
76466
88555
66018
54185
16860
73932
66905
32148
57379
45872
67513
14235
37817
70905
25962
79434
60935
18856
58128
23942
65362
89177
70292
82902
62143
98745
21564
66030
79762
22214
5629
49881
8274
63873
23047
58402
969
52658
62559
45887
76936
43481
71562
20475
86535
51756
47076
22431
14633
44402
20561
60636
30941
49018
54315
29303
59234
32793
95706
14993
80450
15838
33697
70482
38175
63572
73781
58898
4076
34099
33993
98116
62194
87235
94820
34655
29522
48431
11476
10346
9994
31490
62268
38595
33297
5408
83849
22251
28284
54979
44034
61202
98211
14353
98238
65243
75966
21782
84719
13644
68168
99172
54748
92885
2790
82243
98700
92762
53281
39478
68798
2110
34318
53676
71062
61422
14607
12608
80946
10535
54835
30702
22682
41381
21016
71857
91190
76905
35409
56606
51321
79909
87586
97047
80091
72424
34920
32749
49125
22273
69878
69621
16005
22097
37722
83621
4802
51314
3229
60460
21225
97085
18569
2379
77989
67389
89382
13268
86798
97262
6397
78077
98520
49073
10878
52385
67948
12111
92444
56403
80531
71847
3125
56128
13519
14742
92016
96032
56996
92322
127
80825
90547
3075
68676
89232
60616
11183
90192
5260
65929
6912
17766
48905
75791
30339
51039
52022
23121
49216
45734
10348
44603
81665
45635
10411
96574
30338
54549
79826
73409
99091
89880
11930
88725
93292
59751
18833
62598
74286
12443
20270
98989
53554
21265
58037
14402
94352
41
25897
43119
27470
51850
91049
85568
43779
93988
78313
89047
2055
44238
34030
30683
78041
34445
40453
1968
49900
86294
5216
33635
61583
15530
12110
75164
72312
95104
97942
99349
49356
49857
64048
56458
64717
6925
82432
51174
68513
22075
40912
61565
39674
24445
71017
69753
63080
36770
83277
24267
58423
72084
60660
36675
72326
24866
53824
59451
77318
41625
54719
14157
77258
5195
56766
93381
65329
95409
8581
95634
73582
18092
84946
8437
30896
48999
19829
7612
78355
56345
32517
65737
44002
45575
50238
68266
11814
78406
17976
41294
33680
68062
52869
87789
34943
98954
19878
50950
73935
39643
2026
85542
32094
6876
35653
19812
57468
96817
4137
69290
89998
92729
54691
40717
67039
70162
83828
1853
69348
13083
4714
65720
29642
8597
9115
30778
66431
68578
79678
6895
8505
80880
62150
81416
90439
19535
40987
39948
86194
53309
36630
81830
70447
71940
4089
44732
87364
56697
99946
93951
36980
34853
77674
19614
96425
84224
28309
89814
12989
16889
57432
27845
81925
44274
41738
22204
63291
84904
1897
84241
76646
96753
22642
4820
808
53662
73949
92954
22372
1952
68786
29621
74410
81479
47660
84133
13792
36613
73800
7911
34094
84752
99081
8075
72102
33447
60140
99876
63919
48172
4931
62489
12813
66031
94673
8472
51214
52012
29121
49418
4499
58379
21699
2
49273
17989
13219
11438
10467
12358
28935
68432
60934
40942
35334
4519
45968
59953
9984
8070
46198
44030
15357
93606
98617
82397
90726
2711
68404
64530
23706
48562
16325
9694
83502
17258
56277
24868
52773
82048
52166
92297
83975
30230
7928
83828
54241
2299
15671
87862
74137
60677
14629
51715
7211
8349
15744
52606
30853
95572
41295
82035
69372
93044
94190
97885
80297
45233
13620
680
53508
68254
73533
36624
63195
95707
69625
11209
6063
74636
48656
9464
3531
17189
46064
17150
39393
43490
57908
26069
35619
73683
86355
70227
55931
11189
72963
6988
17416
51163
36360
75668
73589
32875
32284
40481
30231
4581
91964
34671
51428
9758
77229
21629
3338
81771
30378
89684
64915
76825
29323
17032
95603
93817
14739
17687
69771
52344
1206
61807
65566
89453
87077
90732
46796
63020
72664
7231
11600
24088
59735
78442
76371
12052
76484
33287
49196
88954
53672
80649
53493
17157
19609
80762
62698
92745
53828
39267
17376
33059
81149
67050
35359
22858
21729
18197
16702
41061
43812
30318
20474
34070
60283
88191
34322
88468
10888
6268
9890
81302
36894
49087
83770
18763
41008
71119
61627
62887
12154
43994
61165
80920
93515
14241
90847
77623
43598
33491
95037
1561
96627
43761
96743
8517
48959
95377
71316
76448
65581
10910
16450
73700
98751
42013
63352
54607
62181
52138
6906
62616
86152
60257
11368
98396
65396
8920
36980
99542
72576
26729
20669
21646
50011
83118
61805
41032
19733
4133
27212
40765
11751
64083
6879
42311
39456
32901
16577
8373
51469
90993
3548
88574
59363
56315
97507
93523
73932
85747
95119
96813
69709
67100
22644
2982
19248
44008
77056
34051
79442
33695
87439
59055
56714
51166
48110
49219
85237
10939
20234
61729
67674
23207
89684
2783
92511
5517
28628
59521
58440
91063
85190
32864
44358
72559
18421
32486
64708
87587
96979
64699
94505
36194
12626
45433
95371
44899
68194
28220
33553
35812
88775
18646
42082
79120
95638
70815
40623
26714
49485
74089
17402
53350
32364
36785
16642
32327
34420
52881
19052
94531
76890
14387
92208
84466
98631
46464
15549
57253
82063
20759
95561
45124
91116
37529
11768
19088
77623
38400
42792
85735
85475
45744
48504
24933
74710
53062
13427
85639
90692
79277
157
45836
77161
93295
81624
35220
3
89672
99059
24650
92938
89367
4688
7230
65997
85934
74961
62635
84235
68168
91806
75831
34474
16314
57173
5913
33751
19586
19598
86004
95323
58300
20778
4962
36566
26708
29112
64108
16538
73589
13123
91605
91079
81248
53276
14135
52574
88632
95807
73509
32164
47514
56292
39055
80118
90347
75461
26756
35044
86857
93703
38066
2955
40547
34887
75848
42098
36229
59106
90621
94208
41163
50336
91242
89816
71254
82750
66962
5107
27197
2264
28002
12825
93083
50031
66610
84699
22566
96604
45835
55183
1952
91697
3620
62921
10054
26024
94981
35219
52038
50987
25836
21897
47533
4287
13549
79059
20414
83629
52435
35456
18463
29614
49862
10075
40846
57555
92965
38093
32241
70862
38323
89903
28010
87777
47534
84329
79913
70689
33914
32812
99899
34214
93628
73321
91041
28306
99426
32428
11963
65403
28288
94392
95459
42647
46709
32512
65495
19491
99756
35359
22766
4464
49086
95765
48619
36010
50933
90751
77615
76454
68556
31730
53801
44936
40146
66771
75080
31759
6125
29974
90354
1661
99674
9649
65325
19814
467
36732
85434
57844
13450
77671
33825
63221
71538
36600
76904
61762
17116
89983
29245
74988
7967
29944
81587
44389
85937
15325
82249
24872
370
36421
24933
14279
39112
15613
87936
97807
19044
19873
66267
30202
81987
50968
11344
50320
57777
21769
25603
95803
26505
2589
15159
93574
75447
96691
56221
69840
29854
64057
77447
82867
37333
44046
92954
81900
60939
88818
47874
12710
80396
66662
91647
71048
41404
29829
91774
39735
20097
79998
38466
54569
82429
87277
93697
96008
14552
10165
72619
10846
81148
66781
27045
11459
3770
22020
5492
20193
77674
75074
45205
19808
21487
14780
98025
80243
14265
6243
75246
10845
31076
10570
97097
93921
93374
23171
63678
69286
29158
11509
33890
87235
59696
98843
43240
31660
26885
95804
69048
53689
88871
6050
48798
40783
81265
13113
95006
33198
65373
45479
45765
29879
13152
86434
87226
94583
25936
27282
25748
46964
84933
57157
10437
99570
73469
62280
62708
94883
65594
297
22761
24809
21062
56550
33857
71337
10551
59953
98657
34446
1869
52387
41894
94199
46903
49145
27867
39327
79766
41456
15205
11014
59322
91257
31993
99584
47784
41496
85037
55706
51165
63039
44011
80005
18444
76770
65633
5505
84995
52311
19606
45735
50732
24556
63799
58003
34223
59492
5167
34412
14997
5455
4758
63057
36583
78085
38048
84033
99093
83999
76278
56711
26610
77523
98818
25793
48156
45130
1955
16619
30234
98847
9377
92109
82559
7094
12538
71805
11019
36182
72923
91954
1648
66820
74986
25031
53233
76542
61216
39336
44199
84497
34164
3677
51805
8440
75091
43664
41851
16210
70859
18491
74017
27550
16230
87795
88841
63189
61940
1451
83983
19395
55906
91143
41644
25924
87431
60190
1117
38168
34396
46122
19426
57570
67499
85552
23715
99619
60672
58534
33613
3725
5405
72550
88506
57031
30058
11150
29423
13596
52041
79152
16894
38752
3496
12957
39852
52385
63759
87049
51949
47237
47225
14427
2507
48294
88159
3028
80582
34023
38832
18905
68757
76849
53597
73310
94154
60686
69488
48465
47924
59201
11325
34049
24638
36960
97073
41161
2453
2096
94599
33788
37607
2619
79161
31630
93478
624
66324
58237
70283
47384
61252
10427
25336
73328
72526
10617
39286
63656
61821
17649
71805
54263
33235
87504
96626
52600
5825
18558
35274
40197
41875
83724
66349
23470
47266
90104
67478
25366
31021
85760
84407
71883
71170
32129
90169
42304
54229
95754
4768
65352
43155
64546
49581
33809
34321
44275
82654
87515
30909
51281
31088
13716
19862
93931
16804
47633
43192
93005
17376
46026
70383
12047
9324
39123
54957
24286
12988
24051
35766
64325
69934
76547
38776
69944
38089
18757
32057
64764
38982
51581
65320
88470
93354
79216
18806
57775
96817
70232
25117
8960
51943
44258
89790
21568
8399
94917
94793
24359
82407
88350
757
75710
1698
16620
45488
96518
61493
95301
53360
69633
36846
26675
23879
64448
67165
49295
25493
20458
12759
58616
95127
19366
20335
64944
55262
69606
2949
36884
62363
23632
81883
46261
72693
89289
6818
43608
77853
79168
2100
57574
97369
38069
98490
22480
39869
14404
70157
59492
51800
7666
58425
56548
62345
81875
2814
55465
78386
1781
88112
51284
68357
37452
63743
18636
14172
55483
23697
56985
32741
89884
97514
53500
45273
5708
44685
86089
48142
7286
65213
70402
92898
39930
10621
82993
80824
70138
49781
97313
19199
1985
76406
54426
18414
57936
72372
61687
65068
79783
26386
37030
68715
45996
35004
61211
57109
94586
38957
38033
85822
48425
433
6558
29913
25494
60677
69202
20359
64336
1531
88236
63305
14335
12665
66009
22967
36624
20065
51178
55818
56320
68139
22320
34547
42021
3150
39735
82894
84244
23166
58332
44881
50322
39951
14157
42111
40795
21847
55803
75578
81480
56306
51326
67892
28129
65727
5286
80838
51487
91911
54489
10585
37948
88094
56526
32706
57594
75299
4580
93451
55117
84386
35455
24076
91397
78360
57441
81785
87547
21686
97377
62677
74744
70014
43691
65636
2237
24202
17268
34974
2002
72525
12247
90943
8558
73873
40625
13723
23584
30175
97718
94735
54840
98686
48942
22066
90069
47890
81103
58667
90284
19365
25144
36188
74450
53316
8423
35612
19782
19936
5399
85571
6813
99925
91482
60254
79339
20007
54415
3650
98891
73480
98816
74429
16715
37014
96699
73288
52343
90945
78635
68792
50369
24330
19026
26100
45258
33063
93445
84929
64016
55556
96164
71577
27571
94083
48340
59643
50789
9572
83451
33467
68942
80287
28984
33946
55801
97038
88668
10544
51071
41736
12233
3974
58702
9064
35941
11360
35957
45708
13659
44535
93679
41465
59214
13349
29961
10748
95035
53722
80434
91660
47978
63211
40414
3851
14000
38218
47991
51818
52453
6832
27776
75180
69469
55
83143
88611
96517
48325
80039
96951
47259
10338
37655
22469
57546
5450
21843
35332
27297
67774
36420
82050
88239
44533
6703
5197
7358
47120
37655
86062
9097
54572
9807
28400
4218
51312
61792
25023
15461
2885
3348
80395
89818
16741
56413
62891
38731
37901
75748
87614
37819
31180
56817
59724
35423
77982
76916
16428
70900
50226
26383
16511
4220
46086
68288
76921
85430
16469
89230
2336
70233
17414
49807
2700
44429
35366
73683
3087
72550
67568
14033
82862
75741
63241
41964
84685
53453
57768
91970
8457
66215
15890
75825
38271
29427
73252
22214
63338
42724
70729
24963
91881
80661
17868
34348
98559
53254
42663
89391
78228
62382
16121
45678
3769
57531
28758
19818
15401
1005
43961
4205
41515
21867
94613
7987
15027
84609
75561
34294
31624
52535
65777
29429
86240
61455
55705
40961
99336
63258
27181
81060
37408
86647
38251
63854
43267
89321
54266
13533
62020
852
40404
60456
3732
40308
18495
85032
49920
75802
94777
54820
83094
92164
72273
85719
27304
120
88083
35360
46250
67933
67611
19174
28790
14006
79979
44198
10991
93467
97656
80154
88258
89173
16414
66888
32488
35350
89555
4772
82056
74067
59769
4451
99641
81536
61133
68989
31909
9670
27453
41022
69802
1443
83191
72905
32250
48606
58172
91273
43330
61029
27507
84246
67303
28805
32313
4448
74796
91077
96854
57436
12752
24384
26988
88680
43349
23677
34601
16060
64411
41324
29435
24174
1163
88639
52995
26018
92656
98147
32034
16557
9823
43066
74064
28164
19095
49623
61579
27974
95843
373
55181
49058
26589
84755
51126
4038
37837
22224
63400
9990
25071
66335
99154
64165
46034
31143
93124
3267
35228
24826
42977
46371
72203
49616
71667
13496
68918
18271
14936
50508
42930
92185
41721
2508
73009
13442
80604
90451
42341
10221
55439
32145
79715
58066
54085
63607
57762
87662
2782
39682
28706
82614
81054
46882
25321
5721
40127
97510
87368
71506
44706
91142
75805
87463
68769
59725
77330
35457
81344
24384
9410
88648
16130
94639
59932
6714
54424
27543
76704
68359
51892
7506
16134
88364
87068
29980
7070
49739
57561
44290
49746
26051
69359
77257
1447
80305
3463
92409
12290
77315
50792
92740
49800
96372
5669
42166
4542
81449
39024
16986
46831
74407
17483
73447
75212
46543
30303
56102
37357
66680
37574
52641
95062
70311
90882
77577
75253
27661
9105
15812
15367
44572
78456
58481
31930
36999
86044
81369
86061
98166
47087
2292
35060
53475
65384
28053
48152
7796
70987
38068
46203
85845
18024
693
71769
48945
38016
85850
90314
64237
801
10978
32036
51265
47634
23356
39485
4436
19722
65132
13037
12627
61787
41849
44178
14861
29740
45392
33806
97486
34853
56313
96299
29846
34019
61620
99455
45653
31243
73711
65802
13382
86203
31847
75868
61317
49084
62232
78036
32654
21588
71716
31843
88404
72344
97084
61198
29754
70558
47565
31058
10769
70544
75145
43746
24143
53437
88881
99020
42472
24585
41341
74395
52108
6117
89992
8917
12669
84921
9242
8996
76875
44318
53267
59057
6573
59912
1713
82956
5598
63648
52351
28136
44946
17232
90522
95140
10804
96664
23520
73413
60925
71038
68119
34206
55731
60193
38680
24466
53372
86350
64598
14352
2589
69835
95535
93180
31955
47217
18254
93487
63821
15768
56505
46965
81988
75210
89534
33652
90073
53465
1813
56844
61449
79276
17682
41658
431
81556
18219
86550
94998
54334
16736
21437
56953
1505
18027
55049
73946
77654
85253
53243
22491
48648
51249
62363
8348
33857
79786
77942
13329
33124
52261
30918
42911
12249
71906
83312
41652
80162
51573
17127
78016
63149
54315
94958
11539
76866
63355
13242
85652
88956
29770
70901
35164
40916
93531
76287
33997
88121
28593
57231
73042
93468
11170
60184
51348
91496
33755
6887
1365
86031
1258
58248
3533
21471
44492
17992
91231
62867
28915
50772
39384
81734
59891
56193
34659
69730
40297
87045
16043
28727
4776
70147
44110
39655
60290
60004
52314
79837
81072
3936
82120
10270
41918
125
60658
12696
15510
25774
39889
60952
24231
33116
76919
2712
35057
71682
96550
14068
89488
11666
81579
35357
48515
94325
53019
16295
81144
16560
14344
16957
87350
51714
22655
38677
45126
65961
87522
41853
72862
81285
35677
88980
64971
3060
1543
822
16443
96381
60407
4911
65797
1352
55104
45457
92853
94250
267
69345
600
8350
57903
67947
56960
33999
13008
61366
63508
46322
9681
63633
54360
81616
32471
7597
96404
76898
59323
87301
31619
41141
54411
71671
82331
30221
36127
42359
29620
32677
61555
68633
2198
45236
44390
26635
65731
2859
85773
67685
92510
6619
65012
31481
33239
75316
47154
76261
69877
98248
65928
32167
64542
59535
8535
68208
28806
75235
28507
37265
43345
9227
24007
18386
94118
7092
67102
9858
28563
4923
66859
42568
66071
78728
2206
29688
62064
12405
71108
82657
97794
11468
37153
46467
49152
23086
5677
78750
35642
2127
89160
50437
75139
